Seed num: 1, trained task: 1, eval_task: 1
0.127,0.249,0.115,0.040,0.128,0.177,0.118,0.241,0.254,0.083,0.234,0.365

Seed num: 1, trained task: 1, eval_task: 1
0.028,0.084,0.010,0.006,0.025,0.047,0.024,0.072,0.104,0.059,0.101,0.121

Seed num: 1, trained task: 2, eval_task: 1
0.075,0.170,0.055,0.023,0.071,0.102,0.069,0.160,0.179,0.101,0.148,0.236

Seed num: 1, trained task: 2, eval_task: 2
0.115,0.242,0.096,0.063,0.129,0.250,0.054,0.195,0.222,0.190,0.213,0.450

Seed num: 1, trained task: 3, eval_task: 1
0.101,0.235,0.069,0.035,0.094,0.142,0.091,0.204,0.225,0.112,0.208,0.303

Seed num: 1, trained task: 3, eval_task: 2
0.128,0.273,0.096,0.077,0.137,0.277,0.110,0.232,0.255,0.186,0.278,0.449

Seed num: 1, trained task: 3, eval_task: 3
0.116,0.285,0.067,0.038,0.103,0.139,0.100,0.225,0.250,0.101,0.222,0.292

Seed num: 1, trained task: 4, eval_task: 1
0.119,0.253,0.102,0.036,0.113,0.164,0.107,0.239,0.260,0.143,0.242,0.342

Seed num: 1, trained task: 4, eval_task: 2
0.148,0.316,0.130,0.071,0.160,0.317,0.110,0.235,0.261,0.183,0.252,0.540

Seed num: 1, trained task: 4, eval_task: 3
0.125,0.275,0.096,0.096,0.099,0.151,0.110,0.247,0.268,0.178,0.239,0.285

Seed num: 1, trained task: 4, eval_task: 4
0.194,0.405,0.166,0.089,0.158,0.375,0.142,0.293,0.305,0.165,0.285,0.503

